347344
349335
349668
349770
353069
353723
355453
356729
359456
359551
360643
361776
362210
362824
362924
363370
363459
363461
363475
363819
364499
365302
365394
365572
365583
365639
365719
366147
366590
366822
366903
367449
367503
367721
367768
368536
368814
368933
368939
368956
368970
369623
369791
369799
370068
370304
370309
370376
370459
370530
370536
371009
371201
371275
371402
371570
372001
372123
372133
372173
372268
372348
372356
372539
372608
372623
372637
372652
372947
373094
373171
373173
373177
373187
373259
373273
373342
373394
373415
373421
373482
373551
373628
373655
373657
373819
373901
373902
373927
373948
373994
374003
374016
374020
374125
374175
374176
374224
374231
374243
374262
374274
374282
374328
374348
374366
374382
374413
374423
374523
374555
374583
374590
374601
374602
374640
374699
374721
374722
374739
374742
374777
374778
374787
374791
374799
374801
374806
374826
374827
374832
374834
374835
374846
374876
374925
374930
374936
374951
374955
374985
375008
375022
375057
375094
375119
375120
375153
375156
375158
375183
375288
375291
375304
375308
375361
375372
375380
375386
375391
375416
375421
375436
375439
375475
375532
375673
375687
375718
375784
375799
375814
375837
375851
375909
375943
375945
375954
375986
376007
376039
376074
376095
376096
